DATA
spa.trk
1.220000
0.990000
1.150000
0.600000
1.010000
2.420000
0.600000
0.550000
0.570000
1.020000
2.240000
2.560000
1.240000
0.900000
1.280000
0.880000
1.250000
3.000000
1.030000
0.910000
3.000000
2.500000
2.600000
0.950000
0.990000
0.990000
0.990000
0.990000
0.990000
0.970000
1.240000
1.050000
1.450000
0.850000
1.230000
2.990000
1.250000
1.220000
1.260000
0.960000
1.260000
0.990000
0.890000
2.990000
3.000000
DATA  14 was 1.23
hungary.trk
0.860000
1.130000
1.190000
1.090000
2.120000
2.310000
0.990000
1.320000
1.140000
0.990000
0.570000
1.190000
1.240000
1.200000
1.240000
1.090000
1.240000
0.950000
0.990000
0.540000
2.980000
0.990000
2.200000
1.240000
2.990000
2.760000
2.310000
1.110000
0.990000
0.540000
1.230000
0.990000
DATA
suzuka.trk
0.770000
0.990000
1.040000
1.140000
1.430000
1.290000
1.360000
0.890000
1.080000
0.990000
0.750000
0.990000
0.830000
2.260000
0.920000
0.840000
0.870000
0.900000
0.560000
1.380000
0.870000
0.990000
0.780000
0.990000
1.080000
0.590000
0.840000
1.040000
1.170000
0.650000
1.080000
0.790000
0.990000
0.950000
0.990000
1.360000
1.080000
1.080000

DATA
loudon.trk
0.830000
1.150000
1.260000
1.000000
1.140000
DATA
pocono.trk
0.770000
1.190000
0.930000
0.990000
0.990000
0.990000
0.310000
DATA
mosport.trk
0.760000
0.950000
0.880000
0.950000
0.660000
0.870000
0.750000
0.750000
1.300000
0.990000
0.990000
0.870000
0.990000
0.630000
0.630000
0.630000
0.630000
0.670000
0.630000
0.990000
0.950000
0.710000
1.240000
1.050000
0.990000
0.630000
DATA
monza-76.trk
2.960000
0.300000
1.230000
3.000000
1.270000
0.470000
3.000000
3.000000
3.000000
3.000000
0.900000
1.330000
3.000000
0.880000
0.980000
0.630000
0.970000
0.570000
2.820000
0.970000
1.640000
3.000000
0.990000
2.640000
1.090000
0.990000
0.660000
3.000000
